%YAML:1.0
---
body_T_cam0: !!opencv-matrix
   rows: 4
   cols: 4
   dt: d
   data: [ -6.8703532169651638e-03, 1.8493831633540070e-02,
       9.9980536927853358e-01, 2.3509819011617328e-01,
       -9.9997473330092701e-01, -1.9518973509842219e-03,
       -6.8354119460011797e-03, 4.0915528406367446e-02,
       1.8251044941191563e-03, -9.9982706919158870e-01,
       1.8506774579705842e-02, 2.3002549229000309e-02, 0., 0., 0., 1. ]
body_T_cam1: !!opencv-matrix
   rows: 4
   cols: 4
   dt: d
   data: [ -7.3034323770706511e-03, 1.8329870929157166e-02,
       9.9980531890325242e-01, 2.3525293024990412e-01,
       -9.9997234449616579e-01, -1.5372850597974441e-03,
       -7.2764687511579496e-03, 6.0887006592316006e-03,
       1.4036090464272233e-03, -9.9983081198088986e-01,
       1.8340591464819811e-02, 2.3215475218758524e-02, 0., 0., 0., 1. ]
